nm        L7              L4      L5
1501    -0.002          0.0000  0.0001
1503    -0.005          0.0002  0.0002
1504    0.0060          0.0002  0.0003
1506    -0.003          0.0004  0.0005
1508    0.0010          0.0006  0.0006
1510    0.0010          0.0008  0.0008
1512    0.0130          0.0010  0.0010
1514    0.0060          0.0011  0.0012
1515    0.0120          0.0012  0.0013
1517    0.0030          0.0014  0.0014
1519    0.0150          0.0016  0.0016
1521    0.0120          0.0022  0.0024
1523    0.0240          0.0036  0.0039
1525    0.0400          0.0051  0.0054
1526    0.0410          0.0059  0.0061
1528    0.0570          0.0074  0.0077
1530    0.0760          0.0090  0.0093
1532    0.0970          0.0116  0.0116
1534    0.1200          0.0146  0.0140
1536    0.1760          0.0176  0.0165
1538    0.2150          0.0207  0.0190
1540    0.2740          0.0238  0.0216
1542    0.3390          0.0327  0.0351
1543    0.3930          0.0378  0.0419
1545    0.4620          0.0479  0.0557
1547    0.4990          0.0667  0.0696
1549    0.5580          0.0873  0.0837
1551    0.5980          0.1138  0.1104
1553    0.6340          0.1513  0.1497
1555    0.6670          0.1893  0.1894
1557    0.7040          0.2278  0.2295
1559    0.7240          0.2669  0.2701
1561    0.7500          0.3120  0.3179
1563    0.7780          0.3680  0.3732
1565    0.8080          0.4248  0.4294
1567    0.8250          0.4826  0.4865
1569    0.8510          0.5412  0.5446
1571    0.8670          0.5980  0.5989
1572    0.8720          0.6252  0.6239
1574    0.8840          0.6801  0.6746
1576    0.9020          0.7319  0.7260
1578    0.9010          0.7775  0.7781
1580    0.8960          0.8236  0.8308
1582    0.8970          0.8578  0.8553
1584    0.8900          0.8903  0.8800
1586    0.8990          0.9165  0.9050
1588    0.8840          0.9302  0.9301
1590    0.8760          0.9287  0.9555
1592    0.8670          0.9468  0.9526
1594    0.8730          0.9429  0.9497
1596    0.8720          0.9368  0.9467
1598    0.8790          0.9327  0.9438
1600    0.8740          0.9325  0.9409
1602    0.8610          0.9290  0.9415
1604    0.8590          0.9284  0.9421
1606    0.8770          0.9282  0.9428
1608    0.8790          0.9280  0.9434
1610    0.8990          0.9396  0.9440
1613    0.8930          0.9493  0.9519
1615    0.9000          0.9550  0.9572
1617    0.8970          0.9606  0.9625
1619    0.9170          0.9662  0.9677
1621    0.9210          0.9719  0.9718
1623    0.9260          0.9775  0.9747
1625    0.9290          0.9831  0.9777
1627    0.9450          0.9877  0.9806
1629    0.9470          0.9888  0.9835
1631    0.9480          0.9871  0.9842
1633    0.9550          0.9848  0.9827
1635    0.9520          0.9825  0.9813
1637    0.9690          0.9802  0.9798
1639    0.9600          0.9778  0.9783
1641    0.9620          0.9758  0.9763
1643    0.9590          0.9740  0.9737
1645    0.9780          0.9721  0.9711
1647    0.9600          0.9703  0.9686
1649    0.9550          0.9685  0.9660
1651    0.9520          0.9672  0.9661
1653    0.9510          0.9679  0.9687
1656    0.9520          0.9732  0.9727
1658    0.9560          0.9768  0.9753
1660    0.9440          0.9803  0.9780
1662    0.9350          0.9833  0.9790
1664    0.9330          0.9861  0.9800
1666    0.9280          0.9875  0.9810
1668    0.9420          0.9859  0.9820
1670    0.9480          0.9844  0.9830
1672    0.9420          0.9834  0.9837
1674    0.9330          0.9824  0.9844
1676    0.9440          0.9813  0.9850
1678    0.9480          0.9803  0.9857
1680    0.9450          0.9793  0.9864
1682    0.9430          0.9783  0.9844
1684    0.9510          0.9772  0.9825
1687    0.9640          0.9597  0.9796
1689    0.9670          0.9746  0.9776
1691    0.9710          0.9751  0.9784
1693    0.9740          0.9784  0.9820
1695    0.9910          0.9816  0.9857
1697    0.9950          0.9849  0.9893
1699    0.9990          0.9882  0.9926
1701    0.9960          0.9905  0.9953
1703    0.9940          0.9918  0.9963
1705    1.0000          0.9932  0.9974
1707    0.9940          0.9946  0.9985
1709    0.9830          0.9961  0.9995
1711    0.9900          0.9978  0.9997
1714    0.9870          0.9995  0.9988
1716    0.9920          0.9991  0.9981
1718    0.9860          0.9962  0.9975
1720    0.9810          0.9932  0.9968
1722    0.9830          0.9896  0.9922
1724    0.9760          0.9859  0.9877
1725    0.9780          0.9740  0.9854
1726    0.9700          0.9821  0.9831
1728    0.9680          0.9784  0.9785
1730    0.9600          0.9746  0.9740
1732    0.9440          0.9709  0.9706
1734    0.9210          0.9671  0.9671
1736    0.8830          0.9634  0.9637
1738    0.8450          0.9597  0.9603
1740    0.7910          0.9559  0.9569
1742    0.7110          0.9541  0.9555
1744    0.6380          0.9526  0.9542
1747    0.5470          0.9504  0.9523
1749    0.4620          0.9489  0.9509
1751    0.3930          0.9505  0.9505
1753    0.3250          0.9572  0.9508
1755    0.2670          0.9638  0.9512
1757    0.2120          0.9635  0.9516
1759    0.1750          0.9614  0.9519
1761    0.1420          0.9570  0.9460
1763    0.1110          0.9483  0.9339
1765    0.0840          0.9397  0.9219
1767    0.0770          0.9197  0.9098
1769    0.0580          0.8978  0.8915
1771    0.0490          0.8679  0.8651
1773    0.0420          0.8235  0.8124
1775    0.0390          0.7790  0.7597
1777    0.0340          0.7234  0.7069
1779    0.0200          0.6658  0.6542
1781    0.0210          0.6072  0.5968
1783    0.0220          0.5466  0.5350
1785    0.0110          0.4860  0.4732
1787    0.0120          0.4245  0.4114
1789    0.0040          0.3647  0.3497
1791    0.0080          0.3134  0.3026
1793    0.0000          0.2792  0.2698
1795    0.0000          0.2450  0.2369
1797    0.0000          0.2108  0.2040
1799    0.0000          0.1767  0.1710
1801    0.0000          0.1488  0.1462
1803    0.0000          0.1327  0.1294
1805    0.0000          0.1167  0.1127
1807    0.0000          0.1007  0.0960
1809    0.0000          0.0847  0.0794
1811    0.0000          0.0723  0.0684
1813    0.0000          0.0661  0.0629
1815    0.0000          0.0599  0.0574
1820    0.0000          0.0446  0.0463
1825    0.0000          0.0333  0.0326
1830    0.0000          0.0224  0.0217
1840    0.0000          0.0164  0.0129
1850    0.0000          0.0109  0.0086
1860    0.0000          0.0073  0.0043
1870    0.0000          0.0037  0.0032
1880    0.0000          0.0001  0.0021
